JSG07180073|20170718|005|24
JSG07180074|20170718|005|24
JSG07180075|20170718|005|24
JSG07180076|20170718|005|24
JSG07180077|20170718|005|24
JSG07180078|20170718|005|24
JSG07180079|20170718|005|24
JSG07180080|20170718|005|24
JSG07180081|20170718|005|24
JSG07180082|20170718|005|24
JSG07180083|20170718|005|24
JSG07180084|20170718|005|24
JSG07180085|20170718|005|24
JSG07180086|20170718|005|24
JSG07180087|20170718|005|24
JSG07180088|20170718|005|24
JSG07180089|20170718|005|24
JSG07180090|20170718|005|24
JSG07180091|20170718|005|24
JSG07180092|20170718|005|24
JSG07180093|20170718|005|24
JSG07180094|20170718|005|24
JSG07180095|20170718|005|24
JSG07180096|20170718|005|24
JSG07180097|20170718|005|24
JSG07190071|20170719|005|24
JSG07190072|20170719|005|24
JSG07190073|20170719|005|24
JSG07190074|20170719|005|24
JSG07190075|20170719|005|24
JSG07190076|20170719|005|24
JSG07190077|20170719|005|24
JSG07190078|20170719|005|24
JSG07190079|20170719|005|24
JSG07190080|20170719|005|24
JSG07190081|20170719|005|24
JSG07190082|20170719|005|24
JSG07190083|20170719|005|24
JSG07190084|20170719|005|24
JSG07190085|20170719|005|24
JSG07190086|20170719|005|24
JSG07190087|20170719|005|24
JSG07190088|20170719|005|24
JSG07190089|20170719|005|24
JSG07190090|20170719|005|24
JSG07190091|20170719|005|24
JSG07190092|20170719|005|24
JSG07190093|20170719|005|24
JSG07190094|20170719|005|24
JSG07190095|20170719|005|24
JSG07200071|20170720|005|24
JSG07200072|20170720|005|24
JSG07200073|20170720|005|24
JSG07200074|20170720|005|24
JSG07200075|20170720|005|24
JSG07200076|20170720|005|24
JSG07200077|20170720|005|24
JSG07200078|20170720|005|24
JSG07200079|20170720|005|24
JSG07200080|20170720|005|24
JSG07200081|20170720|005|24
JSG07200082|20170720|005|24
JSG07200083|20170720|005|24
JSG07200084|20170720|005|24
JSG07200085|20170720|005|24
JSG07200086|20170720|005|24
JSG07200087|20170720|005|24
JSG07200088|20170720|005|24
JSG07200089|20170720|005|24
JSG07200090|20170720|005|24
JSG07200091|20170720|005|24
JSG07200092|20170720|005|24
JSG07200093|20170720|005|24
JSG07200094|20170720|005|24
JSG07200095|20170720|005|24
JSG07210071|20170721|005|24
JSG07210072|20170721|005|24
JSG07210073|20170721|005|24
JSG07210074|20170721|005|24
JSG07210075|20170721|005|24
JSG07210076|20170721|005|24
JSG07210077|20170721|005|24
JSG07210078|20170721|005|24
JSG07210079|20170721|005|24
JSG07210080|20170721|005|24
JSG07210081|20170721|005|24
JSG07210082|20170721|005|24
JSG07210083|20170721|005|24
JSG07210084|20170721|005|24
JSG07210085|20170721|005|24
JSG07210086|20170721|005|24
JSG07210087|20170721|005|24
JSG07210088|20170721|005|24
JSG07210089|20170721|005|24
JSG07210090|20170721|005|24
JSG07210091|20170721|005|24
JSG07210092|20170721|005|24
JSG07210093|20170721|005|24
JSG07210094|20170721|005|24
JSG07210095|20170721|005|24
